////////////////////////////////////////////////////////////////////////////////
//
//  C:\Code\RMG-Py\importer\pentaneNO library
//
////////////////////////////////////////////////////////////////////////////////

1      H2O2                              -32.4775   56.0515   10.1545   11.0888    11.993    12.792   13.9898   14.9466    16.592         0         0         0     T 8/03
2      OH                                 8.91384   43.9106   7.14096    7.0682   7.04647   7.05877      7.15   7.33595   7.88498         0         0         0     IU3/03
3      H2                               -0.00103378   31.2299   6.89551   6.99749   7.00231   6.99203   7.07836   7.20917     7.734         0         0         0     TPIS78
4      H                                  52.1019   27.4156   4.96802   4.96802   4.96802   4.96802   4.96802   4.96802   4.96802         0         0         0     L 6/94
5      O                                  59.5532   38.4916   5.23431   5.12961   5.07812   5.05211     5.016   5.00102   4.98298         0         0         0     L 1/90
6      H2O                               -57.7987    45.127   8.02975    8.1902   8.41637   8.68086   9.25743   9.86969    11.313         0         0         0     L 5/89
7      HO2                                2.93755   54.7531   8.34848   8.88613   9.46512   9.99542   10.7715   11.3804   12.4827         0         0         0     T 1/09
8      O2                               -0.00105322   49.0281   7.02393   7.19919   7.42914   7.66798   8.06637   8.33724   8.72543         0         0         0     RUS 89
9      AR                               -0.000745202   37.0066   4.96802   4.96802   4.96802   4.96802   4.96802   4.96802   4.96802         0         0         0     G 5/97
10     N2                               -0.00104413   45.7921   6.96114   6.99667   7.07403   7.19204   7.51161   7.81139   8.30942         0         0         0     G 8/02
11     HE                               -0.000745202   30.1488   4.96802   4.96802   4.96802   4.96802   4.96802   4.96802   4.96802         0         0         0     G 5/97
12     OHV                                101.552   43.8792   7.15308    7.1029   7.06745    7.0571   7.13306   7.33329    7.8737         0         0         0     121286
13     CO                                -26.4182   47.2375   6.96537   7.02076   7.12495   7.26935   7.62282   7.92612   8.39672         0         0         0     RUS 79
14     CO2                                -94.052   51.0917   8.89525   9.86557   10.6645   11.3183   12.2921    12.983   13.9161         0         0         0     L 7/88
15     CH4                                -17.831   44.5393   8.54702   9.68728   11.1136    12.606   15.3075   17.6225   21.6241         0         0         0     G 8/99
16     CH3                                35.0608   46.3643   9.19619   9.97722   10.7546   11.5024   12.8638   14.0888   16.2479         0         0         0     IU0702
17     C                                  171.287   37.7845   4.98035   4.97396   4.97208   4.97171    4.9698   4.96957   4.96912         0         0         0     L 7/88
18     CH                                 142.399   43.7434   6.97304   6.98605   7.02854   7.10803   7.37459   7.71188   8.57244         0         0         0     IU3/03
19     CHV                                208.553   43.7183   6.95312   7.00441   7.04971   7.11542   7.36703   7.78389   8.75005         0         0         0     073003
20     CH3OH                             -48.0415   57.5127   10.2858   12.0713    14.071   15.9826   19.0007   21.3812   25.0679         0         0         0     T06/02
21     C2H6                              -20.0428   54.7786   12.6002   15.5707   18.5805   21.3616   25.8061   29.3225   34.7104         0         0         0     G 8/88
22     C2H5                               28.9212   59.0801   12.0603   14.7086    17.115   19.2854   22.9518   25.7963   30.1805         0         0         0     8/ 4/ 4 THERM
23     C2H4                               12.5598   52.4303   10.2661    12.718   14.8913    16.812   19.9931   22.4412   26.2965         0         0         0     8/12/15
24     C2H                                135.767   50.9723   10.0478   10.5401   10.8828   11.1904   11.9017    12.564   13.8784         0         0         0     T 5/10
25     C3H8                              -25.0253   64.4877   17.9956   22.7139   26.9289   30.6749   36.8985   41.6623   48.9892         0         0         0     8/12/15
26     C2H2                               54.5393   48.0147   10.5484   12.0145   13.0774   13.8886   15.1601   16.2307   18.1421         0         0         0     G 1/91
27     CH3OCH3                           -43.8469   63.8889   15.4564   18.7787   21.8511    24.669   29.5389   33.4161   39.4217         0         0         0     2/11/14 THERM
28     O3                                 33.8894     57.12   9.43131   10.4634    11.357   12.0556   12.8731   13.3925   14.0321         0         0         0     L 5/90
29     N                                  112.972   36.6374   4.96802   4.96802   4.96802   4.96802   4.96802   4.96802   4.97235         0         0         0     L 6/88
30     NO2                                 7.9093   57.3394    8.8311   9.63941   10.3317   10.9315   11.8934   12.4932   13.1715         0         0         0     
31     CH3O                                5.0176   55.9887   10.2008    12.052   13.8628   15.4698   17.8625    19.701   22.2502         0         0         0     IU1/03
32     CH2OH                              -4.0648   58.3523   11.3552   12.7923   14.1661   15.3593   17.0856   18.4412    20.594         0         0         0     IU2/03
33     CH2O                               -26.092   52.2814    8.4712   9.36336   10.4379   11.5255   13.3762   14.8169   16.9296         0         0         0     T 5/11
34     NC3H7                              25.2083     69.38   17.3074   21.6524   25.2753   28.4433   33.9373   38.0855   44.1149         0         0         0     8/12/15
35     HCO                                10.1087   53.5998   8.29574   8.74882   9.28684   9.84361    10.853   11.6649   12.9432         0         0         0     T 5/03
36     HONO                              -18.3421    59.589   10.8826   12.2678   13.3945    14.312   15.6711    16.559    17.893         0         0         0     
37     C2H3                               70.9959   56.3408   10.1057   11.9788   13.5911   14.9796   17.2158   18.9104   21.6801         0         0         0     8/12/15
38     CH2                                93.4978   46.4629   8.37519   8.73163   9.07177   9.38946   9.97234   10.5888   11.7718         0         0         0     IU3/03
39     CH3OCH2                          -0.00217674   67.5497    14.574   17.6057   20.3074   22.7106   26.7364   29.8939   35.0444         0         0         0     2/11/14 THERM
40     C3H6                               6.24496   63.6601   15.2897   19.1777   22.4993    25.452   30.6008   34.4429   39.9769         0         0         0     8/12/15
41     IC3H7                              22.1835   68.9776   16.3136   20.4264   24.0594   27.3727   33.2527   37.6375   43.9124         0         0         0     8/12/15
42     C3H5-A                             42.0904   61.6086   14.8574    18.836   21.9771   24.5785   28.8424   31.9666   36.4802         0         0         0     8/12/15
43     C3H5-T                             59.7839   64.8391   15.2184   18.2438   21.0052   23.5063   27.7551   31.0689   36.0876         0         0         0     8/12/15
44     C3H5-S                             63.3543    64.689   15.4879   18.6684   21.4649   23.9163   27.9289   30.9722   35.7137         0         0         0     8/12/15
45     C3H4-A                             45.6287   58.1741   14.1299   17.1127   19.7769     22.04   25.3985   27.9907   31.9034         0         0         0     L 8/89
46     C3H4-P                             44.3166   59.3371   14.5677    17.282   19.6997   21.7997   25.1215   27.7114    31.713         0         0         0     T 2/90
47     NO                                 21.5808   50.3447    7.1068   7.19496    7.3064   7.45083   7.81918   8.14437   8.54148         0         0         0     ------------------------------------------------------------------------------------------------------
48     C3H3                               84.0092   61.3347   15.5579   17.8277   19.5521   20.9253   23.1126   24.8131    27.542         0         0         0     T 7/11
49     HNO                                23.8004   52.7237   8.25625   8.83944   9.35844   9.84523   10.7606   11.4834   12.4907         0         0         0     
50     FULVENE                            51.1144   70.0411   21.2995   28.0122   33.9028   38.8659   46.0188   50.3507   57.3527         0         0         0     0
